4804
7891
23285
12545
30373
27955
19324
14860
5602
13954
20604
20732
10510
6028
22476
4123
10942
27433
7617
17126
13968
26517
4318
2174
23211
18700
28212
17263
24490
22869
1576
24833
25701
30234
27570
16923
17288
16599
4035
9593
29325
18224
23100
24193
2853
28577
21003
29165
13625
2601
25444
4566
12107
16546
2330
16648
14845
14754
29389
20245
4849
10740
31210
19438
16840
28984
14830
24262
27458
474
25400
17278
9417
16986
25282
28883
2246
12857
3116
18787
15661
32422
28168
7202
7177
22058
5858
6605
3774
12506
3704
12127
18955
25500
25035
31547
442
31410
31671
18859
12891
15756
2890
27238
32329
3765
19690
23888
27414
10184
25564
21928
18702
25746
1044
2368
26132
27029
31959
18881
18927
16538
27166
4360
24415
32389
10923
30203
30507
23468
11665
15741
31158
25680
31252
29358
14929
28059
1432
30834
18662
18190
6183
31534
25252
11227
811
19118
15857
17224
